13489	[15422]
13495	[247, 4320]
13498	[18082]
13499	[13544]
13502	[13307, 12270, 10422]
13504	[3081]
13507	[8716, 7511]
13508	[18187, 13317]
13515	[5539, 8016]
13522	[12671, 10158, 7367, 5093]
13523	[13575]
13524	[13544, 11847, 9278]
13526	[13470]
13527	[13641]
13529	[13148, 13152, 11347]
13531	[12397, 16441, 9624]
13538	[2462]
13540	[16597, 11103]
13544	[8518, 12671]
13545	[5318, 11763]
13549	[16173, 13738, 13454]
13550	[13695, 11976]
13551	[15502]
13552	[12397, 17549, 13531, 5185]
13554	[10975, 11669]
13555	[8212, 7832]
13557	[16895, 4743, 3469]
13560	[14153, 13710]
13562	[9019]
13566	[35]
13567	[5904, 8215, 5818]
13568	[12216]
13570	[5081]
13572	[1462]
13573	[17783, 17324, 6934, 13454, 5769, 12649, 5107]
13577	[13555]
13580	[17857, 16576, 4247]
13593	[17629, 16038, 9305]
13595	[13572]
13600	[16353, 4354]
13604	[17820, 15843, 11337]
13605	[1794]
13612	[94]
13613	[5111]
13617	[14175, 12284, 10303]
13619	[7339]
13620	[12451]
13627	[12487, 7721, 14326]
13631	[2841, 9133]
13642	[5991]
13643	[6503, 13487]
13644	[3172]
13646	[8339]
13647	[7916]
13657	[7634]
13660	[13371, 11596]
13662	[13572]
13668	[16606, 13349, 6126, 12911, 7877]
13669	[13434, 1963]
13671	[16905, 2637]
13689	[9270]
13692	[13738]
13694	[3291, 3548]
13697	[6460]
13699	[9392]
13706	[15616, 17378, 16570, 14090, 12340]
13709	[13619, 7707, 1909]
13710	[14153, 13994, 13560]
13725	[15590]
13726	[16535, 16493]
13732	[15589, 12271]
13735	[16542, 4663]
13738	[4683]
13739	[16855, 16570, 12340, 8546]
13741	[6488]
13747	[4409]
13750	[6622, 9890, 13944]
13751	[11557]
13755	[10529, 10549]
13756	[3581]
13762	[13886, 13887]
13767	[10019]
13771	[5638, 3497]
13772	[18198, 4683, 12042]
13776	[11929]
13777	[5322]
13793	[7940]
13794	[35]
13797	[17137]
13799	[12216, 16684]
13800	[18288, 11929]
13806	[13793, 10830, 8251]
13820	[13596]
13824	[9425, 3925]
13826	[11528]
13832	[14096, 2037]
13836	[13531, 7362, 6581, 4666]
13837	[17883, 13460]
13838	[11816]
13845	[16810, 13523, 2234, 2192]
13847	[3403]
13850	[16848, 16131, 10555]
13852	[11293]
13854	[12161]
13858	[2192]
13862	[16803]
13865	[9439]
13866	[7137, 4574]
13867	[18104, 6953]
13870	[5970]
13873	[6443]
13885	[15497, 3006]
13886	[13762]
13887	[13762, 10492]
13891	[15778]
13893	[11924, 10797, 8605]
13895	[16515, 2524, 12671, 7434]
13901	[3483, 15759, 13560]
13903	[13867, 12448, 10164]
13907	[9638]
13908	[7127]
13910	[17004, 13573, 5769]
13917	[11438]
13921	[15796]
13925	[6069]
13926	[18098, 6571]
13934	[9105]
13944	[2612]
13947	[17403, 15676, 13988, 11825, 11328]
13948	[10247]
13952	[6573]
13953	[16854]
13954	[15715, 12357]
13957	[4683, 13572, 5769, 3953]
13959	[14153]
13966	[5769, 12418, 7949]
13968	[12053, 9502, 3403]
13970	[13595, 8196]
13973	[16294, 15525, 10579]
13974	[13973, 10579]
13975	[13692, 13573, 13454, 5769]
13977	[11617]
13978	[2526]
13982	[12759]
13983	[9152]
13986	[11381, 5511]
13988	[15676, 11825, 6144, 11328]
13994	[14153, 13710]
13999	[8327]
14001	[14335, 11513, 11442, 7739]
14003	[6426]
14013	[9914, 8240]
14020	[9141, 10540, 10958, 8126]
14023	[17439]
14032	[14041, 4167]
14041	[14032, 10472]
14047	[5502]
14055	[14162, 12759, 12927, 11987]
14056	[7715]
14059	[13460]
14061	[15645]
14072	[16916, 10329]
14073	[17094, 12247, 10303, 8348]
14076	[12801]
14078	[16854, 9270, 5427, 4343]
14081	[8168]
14085	[13246, 8326]
14090	[17378, 2]
14096	[13832, 2037]
14098	[16608, 12974, 4700]
14102	[12810]
14103	[13604, 12171]
14112	[1742, 17002, 3172, 13434]
14119	[7573, 15932, 11208, 5258, 1897]
14121	[17547]
14126	[17619]
14132	[13619, 13119]
14135	[9392, 7646]
14137	[14191]
14145	[17513, 5246, 3774]
14147	[5370]
14150	[12499]
14151	[4760]
14153	[16695, 13994, 13560]
14159	[15761, 10549]
14165	[8259, 6167, 4849]
14172	[17568]
14174	[12523, 8929]
14175	[18017, 4456, 13617, 11845, 11078]
14178	[16176]
14184	[1716]
14191	[15372, 14137, 13968]
14193	[6827]
14205	[16542]
14206	[14211]
14207	[17310]
14210	[15588]
14211	[10380]
14212	[14296, 7705]
14218	[15683]
14219	[15621, 17216, 15712, 14326, 6571]
14223	[13392]
14224	[13261, 1824]
14225	[17868, 14147, 11760, 5370]
14230	[17975, 11760]
14243	[1970, 3490]
14246	[10150, 2528]
14248	[3469, 13557, 12759, 11987]
14250	[11328]
14254	[15965, 16328, 4851]
14258	[17588]
14263	[9392]
14267	[5452]
14280	[15621, 6753]
14284	[14296, 14212, 12135, 7638, 10591, 10492]
14290	[3065]
14293	[16463]
14296	[15666, 14212, 12135, 10492, 8605]
14299	[17439, 15562]
14303	[5960, 7646]
14305	[15468, 13376, 8844, 2514, 7352, 6728]
14310	[4700]
14321	[18288, 10529, 4740]
14322	[12194]
14325	[4084, 5408]
14326	[17216, 14219]
14329	[16926, 12366, 7949, 6526]
14332	[12226, 5454]
14333	[15737, 2973, 8427]
14335	[8215]
14338	[10322]
14341	[9786]
14342	[12024]
14345	[15866]
14346	[16550, 5814]
14353	[6205]
14354	[9442]
14355	[11609, 2980, 9152, 5810]
14357	[10948]
14358	[5656, 1432]
14359	[17160, 3802]
14363	[13161, 4750, 6728]
15366	[13695, 15546, 10775]
15368	[14351]
15370	[17868]
15371	[9030]
15374	[17764, 5462]
15375	[6083]
15379	[12270]
15389	[15715]
15392	[10322, 8258, 17265]
15393	[9491]
15397	[5729]
15403	[5111, 5814]
15408	[15509, 4425]
15409	[13819]
15413	[17859]
15415	[13706]
15416	[4650, 12173]
15417	[13660, 8761]
15421	[6711]
15426	[6383]
15431	[10329, 6573]
15434	[7371]
15435	[12600]
15441	[8821]
15444	[10422]
15446	[16848, 9306]
15448	[13615]
15449	[10413, 1964, 2347]
15459	[17803, 9914]
15461	[4677]
15463	[11261]
15468	[13376]
15473	[7390]
15475	[16533]
15479	[16926]
15490	[13988, 11178, 11328]
15491	[13156]
15497	[2324, 13885, 5410]
15500	[12061, 16088, 9814]
15501	[4219]
15502	[17661, 8320]
15506	[13487]
15508	[7707, 3403]
15509	[18143, 10500, 8016, 4425]
15515	[17953]
15522	[8844, 2655]
15526	[12472, 6486, 2733]
15528	[17412, 4666]
15529	[15396, 11337]
15539	[7723]
15542	[6435]
15546	[17584]
15554	[16756, 16502, 11567]
15555	[2250]
15558	[16391]
15565	[16874]
15566	[18020]
15575	[17768]
15577	[10617]
15578	[14280, 6961]
15579	[18206, 15737, 13544]
15589	[13732]
15601	[17456, 8076]
15611	[3772]
15612	[3403]
15613	[58]
15616	[16570]
15617	[12926, 12226, 11992, 6669, 12053, 8605]
15618	[8215, 14117]
15621	[16133, 10136, 6961, 5486]
15622	[16176, 11674]
15623	[9624]
15625	[8258, 12736, 8588]
15626	[15612, 5221, 5051, 3403]
15627	[12878, 4217]
15629	[7715, 3629]
15631	[17256, 10021]
15632	[17917, 17904, 12411, 17971, 16738, 11759, 2342, 13080, 6026, 8821]
15634	[1946, 4343]
15637	[13437]
15643	[17968]
15644	[17547]
15645	[3938]
15648	[17406, 12764]
15650	[16909, 12558]
15663	[10050, 17810, 15666, 9518]
15666	[15663]
15668	[17137]
15676	[13988]
15681	[16131]
15685	[7195]
15686	[13662, 12313]
15688	[13097]
15699	[16182, 15666, 13377, 6721]
15701	[18310, 11759, 15632, 13080]
15703	[17270]
15706	[17770]
15707	[12600]
15708	[7370, 10772, 7640, 6721]
15711	[123]
15712	[17820, 14219]
15714	[6927]
15715	[15396]
15719	[8716]
15720	[10948]
15742	[6571, 11178, 11328]
15746	[8258]
15751	[46]
15754	[11612]
15755	[16316, 1462]
15761	[18201, 7685, 10788, 10549]
15769	[80, 2427]
15772	[3345]
15776	[12914, 74]
15778	[13479, 7145]
15790	[1462, 2634]
15793	[8296, 3442, 6460]
15796	[18080]
15802	[16807, 3009, 9076]
15808	[11407]
15815	[4209, 1560]
15816	[3817, 13399]
15817	[10551]
15818	[8061]
15834	[15502]
15836	[16927]
15837	[5502]
15840	[16266]
15843	[17568]
15848	[6892]
15850	[5741]
15852	[15459, 8560, 12524]
15861	[12558, 2942]
15866	[13398]
15868	[18326]
15874	[16214, 12558]
15885	[15912]
15890	[1393]
15894	[2158]
15897	[9613]
15907	[16707]
15910	[18020, 17619, 9590]
15912	[15885]
15916	[13324]
15918	[16157, 14212, 13893]
15929	[6748]
15932	[7427, 11208, 9133]
15936	[15589, 9639, 4672, 7962, 3194]
15939	[15737, 12544]
15942	[17803]
15945	[10723]
15947	[16957, 4975]
15949	[15939]
15955	[10203, 5529]
15959	[17256, 16722, 15808]
15964	[15971]
15970	[11760, 2588]
15971	[16803, 15964]
15976	[16022, 11816, 8284]
15977	[7966]
15980	[11405]
15984	[12965]
15994	[4048]
15995	[17892]
15999	[9137]
16005	[16672]
16006	[4219, 4397]
16008	[9197, 17619]
16014	[6468, 10228]
16017	[17892]
16022	[17498]
16023	[9105, 17506]
16025	[7940]
16026	[14326]
16033	[6662]
16036	[9106, 4672]
16037	[16176, 11150, 4283]
16038	[8546]
16045	[2524]
16051	[12283, 4822]
16054	[12769, 8844]
16057	[12490, 17031]
16058	[13531]
16061	[5527]
16062	[2959, 3335]
16067	[8422, 3368, 2693]
16069	[7589, 16616, 9518]
16072	[13149, 13179]
16075	[10724, 10344]
16076	[17426]
16097	[12357]
16098	[15510]
16104	[9425, 7817]
16111	[12640, 8605]
16112	[17695, 17529, 16128]
16119	[15993]
16120	[12673, 11554]
16124	[17697, 5325, 12612]
16128	[16112, 10003]
16131	[14296, 13619, 10150, 10492, 7524]
16133	[17195]
16136	[18201, 17407, 16322, 7680]
16138	[88, 15731]
16145	[9278]
16148	[16440, 11669, 3065]
16151	[18155]
16152	[10272]
16157	[15918]
16160	[17547, 11718]
16161	[17667, 13619, 13119, 7707]
16162	[11542]
16169	[10322, 8274]
16172	[7853, 4711]
16173	[13692]
16175	[16435]
16176	[16037, 9010, 3465]
16177	[16722, 16184]
16179	[12182]
16182	[11277]
16183	[12434, 16147]
16184	[16177]
16212	[9507]
16214	[2168]
16217	[16874, 3110]
16219	[16322, 10531, 8605, 7896]
16234	[5177]
16237	[9417, 7579]
16242	[9392]
16257	[15837]
16264	[17468]
16266	[13572, 4282]
16282	[2623]
16291	[18030, 1288, 9417]
16294	[17311]
16295	[3483, 13560]
16296	[8844]
16316	[2917, 6781]
16322	[12724, 16616, 16136, 7680, 11676, 9396, 2733]
16323	[17050, 12021]
16329	[13373]
16330	[12239, 5855]
16331	[12168]
16336	[10529]
16346	[6571]
16347	[18201, 7685, 8658]
16353	[10133, 7684, 13600, 1580]
16360	[6429]
16361	[16575, 4864, 5994]
16364	[11220, 8223]
16365	[5539]
16366	[9490]
16372	[16176]
16374	[17227, 5625]
16375	[6026, 10847]
16377	[16336]
16381	[12933]
16391	[12657]
16394	[4672, 8793, 5234]
16395	[13307]
16408	[3172, 5452, 152]
16416	[14121]
16418	[16364, 1877, 8499]
16420	[7949]
16423	[7979, 3403]
16435	[16175]
16438	[9574]
16440	[16148, 13596, 11669]
16441	[11812, 9624]
16443	[6395]
16448	[9017, 3172, 86]
16452	[7310]
16456	[17228, 17270, 17036]
16457	[11480, 7580]
16459	[12423, 16608]
16465	[16058, 12764, 8885]
16469	[2409]
16473	[17137, 16695]
16478	[96, 8916]
16479	[18081, 16502]
16481	[4655]
16487	[7900]
16492	[2020]
16493	[16535, 13805, 3282]
16496	[11593]
16498	[12008]
16502	[18081, 16479, 6800, 8016]
16506	[4282]
16509	[13210]
16513	[16612, 16506, 16266]
16514	[3820]
16515	[18257]
16517	[12182]
16520	[18122]
16524	[6421, 4043]
16525	[16538, 9731]
16531	[7369, 17642, 11535]
16534	[16022, 17577, 5462]
16535	[16493, 5814, 6510, 3302]
16536	[3885]
16538	[9927, 5452]
16542	[16729, 16463, 13276]
16553	[15676, 5285]
16554	[6170]
16556	[12531, 8427, 4621]
16557	[3801]
16570	[12335, 7756]
16575	[3885, 17966, 88, 16634, 10272]
16576	[16656]
16578	[7916]
16581	[13340]
16593	[16973, 2634]
16596	[17873, 8879, 7291]
16599	[16384, 8990, 2723]
16605	[13487]
16606	[16905, 13349, 6126, 12911, 13668, 7877, 2637, 12097]
16608	[16463]
16610	[12247, 10082, 8493]
16612	[7367]
16616	[10822]
16617	[12965]
16625	[4117, 1478]
16627	[13221, 10036, 9768]
16631	[5553]
16634	[17379, 6111]
16642	[12429, 9768]
16646	[17558, 16660]
16652	[8215, 5370]
16655	[16612]
16656	[17529, 16576]
16660	[2192]
16667	[5625, 16182, 15699, 13377, 5835]
16669	[17108, 16848, 14296, 8721]
16674	[18147, 17636, 12727, 6662]
16675	[11629, 9652, 6170]
16676	[16905, 13867, 13668, 13671, 12448]
16677	[18240]
16679	[16112]
16684	[15509]
16687	[17892]
16688	[15590]
16695	[17950, 17868, 14140]
16696	[5458]
16698	[16111, 18155, 17965, 6669, 10203]
16703	[10575, 9217, 2733]
16706	[9746, 5174, 4743]
16707	[16729, 17859]
16713	[16807, 5682, 9076, 8109]
16714	[81]
16722	[16946, 6255, 16177, 1851]
16729	[16542]
16738	[17904, 9158, 8943, 15632, 2342, 9182, 11464, 8902]
16740	[18310, 10403, 5899]
16744	[16536, 2]
16746	[3172, 12666, 7683]
16750	[12948]
16754	[4683, 8745]
16756	[16502]
16758	[16025, 13360, 4085]
16768	[15918]
16772	[18020]
16775	[17433, 16605]
16776	[16605]
16779	[14219]
16787	[18184]
16801	[9785]
16803	[15971]
16807	[3009, 4094]
16810	[3898]
16812	[16597, 7413]
16814	[2475]
16815	[15497]
16816	[12053, 7755]
16824	[16153, 4683]
16826	[5343]
16828	[8613]
16829	[10322, 11593]
16835	[15524, 12490, 17228, 17031, 5629]
16845	[17406, 4396, 10860]
16848	[10591]
16850	[13082]
16855	[16038, 13739]
16857	[1768, 17682, 172]
16860	[17682, 8793]
16868	[2776]
16869	[6921]
